00000000
00000000
00010001
00010001
00010001
00010001
00010001
00010001
00010001
00010001
00010001
00010001
00010001
00010001
00010001
00010001
00010001
00010001
00010001
00010011
00001111
01010101
11111111
11111111
11111101
11111111
11111111
11111111
11111111
11111111
11111111
11111111
11111111
11111111
11111111
11111111
11111111
11111111
11111111
11111111
11111111
11111111
11111110
11111110
11111111
11111111
11111110
11111111
01101001
11111111
11111111
11111111
11111111
11111111
11111111
11111111
11111111
11111111
11111111
11111111
11111111
11111111
11111111
11111111
11111111
11111111
11111111
11111111
11111111
11111111
11111111
11111111
11111111
11111111
11111111
11111111
11111111
11111111
11111111
00010110
00010110
00010110
00010110
00010110
00010110
00010110
00010110
00010110
00010110
00010110
00010110
00010110
00010110
00010110
00010110
00010010
00011010
00101000
00111000
11001010
11010001
10111111
11010111
11001011
11001011
11001011
11001011
11001011
11001011
11001011
11001011
11001101
11001101
11001101
11001101
11001101
11001101
11001101
11001101
11001000
11001101
11010001
11010011
11000000
11010111
01011010
10111011
11000101
11000101
11000101
11000101
11000101
11000101
11000101
11000101
11000101
11000101
11000101
11000101
11000101
11000101
11000101
11000101
11011010
11011010
11011010
11011010
11011010
11011010
11011010
11011010
11011010
11011010
11011010
11011010
11011010
11011010
11011010
11011010
11011001
11010111
11000001
01100111
11011110
11011011
11010111
11010100
11011000
11011000
11011000
11011000
11011000
11011000
11011000
11011000
11010111
11010111
11010111
11010111
11010111
11010111
11010111
11010111
11011101
11011000
11010001
11010110
11010000
11010001
00000110
00011000
00001100
00001100
00001100
00001100
00001100
00001100
00001100
00001100
00001100
00001100
00001100
00001100
00001100
00001100
00001100
00001100
11111111
11111100
01110010
11110111
11110101
11111111
11111001
00000000
11111100
11111111
11111111
00000000
00011111
00010000
00010000
00010000
00010000
00010000
00010000
00010000
00010000
00010000
00010000
00010000
00010000
00010000
00010000
00010000
00010000
00010000
11111111
11111111
11111111
11111111
11111111
11111111
11111111
11111111
11111000
11111111
01111100
11111111
11111000
11111111
11111010
11111100
11111100
11111100
11111100
11111100
11111100
11111100
11111100
11111101
11111101
11111101
11111101
11111101
11111101
11111101
11111101
11110111
00000000
11110111
11111100
00011110
00010010
11111111
11111111
11111111
10000001
11111111
11111011
11111111
00000000
00000000
00011011
00001110
00000000
11111111
11111111
11110110
11111000
11110111
01110111
11110110
11111111
11111111
00000000
11111100
11111011
00000000
11111110
00011101
00010110
00000000
11111111
01111101
11111111
11111011
00000000
00000000
11111000
11110110
00011001
00010011
00010011
00010011
00010011
00010011
00010011
00010011
00010011
00010011
00010011
00010011
00010011
00010011
00010011
00010011
00010011
00010011
11111111
11111111
11110011
11111111
01111001
11111110
11111001
11111111
00000000
00000000
11111101
11111111
00011100
00000110
11111111
11111111
11111111
11111110
01111101
11111111
11111011
00000000
11111111
00000000
00000000
00011100
00000000
11111111
11111111
11111111
11111111
11111111
11111111
11111111
11111111
11111101
00011011
00010000
11111111
11111111
11111111
11111111
11111111
11111111
11111111
11111111
11111111
11111111
11111111
11111011
00000000
11111000
00000000
00000000
00001111
00011011
00010010
00010010
00010010
00010010
00010010
00010010
00010010
00010010
00010010
00010010
00010010
00010010
00010010
00010010
00010010
00010010
11111111
11111111
11111010
11111111
01111111
11111100
11111111
00000000
00000000
00000000
00011001
11111111
00010000
11111111
11110010
11110110
10010001
11110001
11111100
00000000
00000000
11111010
00000000
11111111
11101011
00101100
00001011
00000000
00110100
00110100
00110100
00110100
00110100
00110100
00110100
00110100
00110011
00110011
00110011
00110011
00110011
00110011
00110011
00110011
00101111
00101010
01001010
00000010
00110010
01000001
00110010
00101001
00101111
00101111
00101111
00101111
00101111
00101111
00101111
00101111
00101111
00101111
00101111
00101111
00101111
00101111
00101111
00101111
00110110
00101111
00101111
00110000
00110011
00110010
00000000
00100010
00011101
00011101
00011101
00011101
00011101
00011101
00011101
00011101
00011101
00011101
00011101
00011101
00011101
00011101
00011101
00011101
11110001
11110001
11110001
11110001
11110001
11110001
11110001
11110001
11110010
11110010
11110010
11110010
11110010
11110010
11110010
11110010
11111111
11110010
01011101
00010111
00010000
00001101
00010100
11111111
00010011
00010010
00010110
00010010
00001010
00011001
01101001
11101101
11110111
11110111
11110111
11110111
11110111
11110111
11110111
11110111
11110111
11110111
11110111
11110111
11110111
11110111
11110111
00000000
11111111
11110001
11111111
01101111
00010011
00010001
00001110
00010000
11111111
00001101
11111111
00010111
00001101
00001010
01101000
00000000
11111111
11111111
11111111
01100101
00010000
00010101
00000000
11111111
00011010
00010011
00001010
11111111
01100111
00000000
00000000
11111111
11111010
11111111
01101011
00010011
11111111
00000000
00001000
11111111
00010111
00001110
00001111
01100001
00000000
11111111
01101101
00001111
00000000
00000000
00010010
00001111
00000000
00010000
00001111
01100100
11111111
11111111
11111111
11111111
11111111
11111111
11111111
11111111
11111111
11111111
11111111
11111111
11111111
11111111
11111111
11111111
11111111
11111111
11111111
11111111
11111111
11111111
11111111
11111111
11111111
11111111
11111111
11111111
11111111
11111111
11111111
