00000000
00000000
00101110
00110000
00110010
00110011
00110011
00110010
00110100
00110101
00110101
00110101
00110101
00110110
00110111
00111000
00110111
00111000
00111010
00111100
00111101
00111110
00111111
01000001
01000011
01000110
01000111
01001001
01001010
01001011
01001100
01001101
00110000
00110011
11111111
11111111
11111111
11111111
00111000
00111001
00111011
11111111
00111101
00111101
11111111
01000010
01000101
00000000
11111111
01001111
01001101
00110001
00110101
00110111
00110110
11111111
11111111
00111001
11111111
11111111
00111100
11111111
01000110
01001000
11111111
01010000
01010000
00110011
00110011
11111111
11111111
11111111
00000000
00111000
11111111
11111111
00111100
11111111
01000010
01000100
01000101
11111111
01010010
01010010
00110101
00110101
11111111
11111111
11111111
00111010
11111111
11111111
11111111
11111111
11111111
01001110
01010001
01010001
01001110
11111111
11111111
00111000
00111001
11111111
00111000
11111111
00111011
11111111
11111111
11111111
11111111
11111111
11111111
01010000
01011000
01100001
01011001
00111000
11111111
00000000
11111111
11111111
00111010
11111111
11111111
11111111
00111111
01000000
11111111
01000100
01000110
11111111
01011001
01011010
01101100
11111111
11111111
11111111
11111111
11111111
11111111
11111111
11111111
11111111
11111111
01101100
01011110
11111111
00111011
11111111
00000000
11111111
11111111
11111111
11111111
01001001
11111111
11111111
01010011
01011101
01101000
01010101
11111111
00000000
11111111
00111011
11111111
11111111
11111111
11111111
11111111
01110111
01100000
01100000
01010010
11111111
11111111
11111111
11111111
11111111
11111111
11111111
01000110
01000100
01000111
01001100
11111111
01001001
01100001
01111001
00000000
01010110
11111111
00111101
01000101
11111111
11111111
11111111
01000000
11111111
11111111
01000111
01000110
11111111
11111111
01001011
01011100
01100100
01000001
01000111
01011001
11111111
11111111
01000000
00111111
11111111
01000010
11111111
01000101
01001001
11111111
01001000
01001000
11111111
01010011
01100101
01001010
01010110
01011010
11111111
11111111
11111111
01000001
11111111
01001001
01000100
11111111
11111111
11111111
11111111
11111111
01010101
01011001
01010101
01011101
01011010
11111111
11111111
11111111
01000011
11111111
01000011
11111111
11111111
11111111
11111111
11111111
11111111
01001110
01010000
01010010
11111111
01011010
01011011
01011000
11111111
01000011
11111111
00000000
01000001
01011000
01100101
01000101
11111111
11111111
01001010
01100010
01011110
11111111
01010101
01011110
01011000
11111111
01010110
11111111
01000010
00111111
11111111
01000101
11111111
11111111
01101111
01001101
01000011
01001000
11111111
01001000
01011000
01110001
01010101
01001101
11111111
01010100
10000010
01110001
01011001
01010110
11111111
01001100
01010110
11111111
11111111
01000011
01001100
01100010
01001001
00111101
01001011
01000100
11111111
11111111
01011101
01100110
01000011
01000000
01010100
01010001
01110011
01011110
01100010
00000000
11111111
01101000
01100001
01010111
01000001
11111111
01000101
01000101
01000101
01010110
01000011
00111001
00000000
11111111
01001011
01010010
01010011
00110101
01000101
01010011
01010010
01101101
01000111
00111111
01001001
01011011
01000001
01010101
01101010
01001101
01000111
11111111
11111111
11111111
11111111
01000100
11111111
01001010
11111111
11111111
01001010
01010011
01010011
01010011
01011111
01100101
00000000
01011001
01000011
01011010
11111111
00111100
01000110
01001011
11111111
11111111
11111111
11111111
01001010
11111111
01001101
11111111
01010001
01010100
01010011
01010101
01010110
01011000
01011011
01011111
01011111
01000111
01000111
01001101
01011100
01000001
00111011
11111111
01001010
11111111
11111111
11111111
11111111
11111111
01010011
01010100
01010100
01010101
01011000
01011010
01011100
01011101
01011111
01011110
11111111
01010001
01001111
01001001
11111111
11111111
11111111
11111111
11111111
11111111
11111111
11111111
11111111
01010111
11111111
01011110
01100001
01001101
11111111
01001110
01001110
01010100
01010000
11111111
01001110
01001110
01001110
01001110
01001110
11111111
01010000
11111111
11111111
11111111
11111111
01100000
01100011
00000000
11111111
11111111
11111111
11111111
11111111
11111111
11111111
11111111
01010010
11111111
01010110
01011001
11111111
01011011
01011101
01100000
11111111
01110011
11111111
11111111
11111111
11111111
11111111
11111111
11111111
11111111
11111111
11111111
11111111
11111111
01011111
01100010
01100010
10000001
10000011
11111111
11111111
11111111
11111111
11111111
11111111
01010110
11111111
11111111
01011011
11111111
11111111
01100010
01100100
01110011
10001000
01000111
01010101
11111111
01011001
11111111
01010111
11111111
11111111
11111111
01010110
11111111
00000000
11111111
01100000
01100001
01100010
01100011
01110000
10010000
10000011
01101100
11111111
11111111
01011001
00000000
11111111
00000000
01010111
11111111
11111111
11111111
11111111
01100001
01100100
01100100
01100100
01100100
01101010
10011111
10001100
01110101
10010100
01010111
11111111
01011100
01011100
01011011
11111111
11111111
11111111
01011100
11111111
11111111
11111111
01011111
11111111
01100100
01100101
01101000
01100100
10000000
10100101
00111001
00111101
10011000
11111111
11111111
00000000
01011100
11111111
01011011
11111111
11111111
11111111
11111111
01100110
01100110
01101000
01101000
01111101
10001111
01000110
01001101
10101111
11111111
00000000
11111111
11111111
11111111
11111111
11111111
00000000
11111111
01100111
01100110
01100111
01101000
01110010
10000010
01111101
01011001
10000001
